25 (2860)
29 (3181)
3 (2839)
34 (3040)
36 (3099)
40 (3170)
48 (3013)
5 (2971)
52 (3185)
56 (3021)
58 (3195)
60 (3149)
62 (3060)
66 (3021)
7 (3076)
9 (2874)
25 29 (2848)
25 40 (2834)
25 52 (2850)
25 58 (2859)
25 60 (2832)
29 3 (2839)
29 34 (3036)
29 36 (3084)
29 40 (3155)
29 48 (2998)
29 5 (2964)
29 52 (3170)
29 56 (3006)
29 58 (3180)
29 60 (3136)
29 62 (3045)
29 66 (3013)
29 7 (3069)
29 9 (2866)
3 40 (2813)
3 52 (2830)
3 58 (2839)
3 60 (2805)
34 36 (2943)
34 40 (3017)
34 48 (2857)
34 5 (2889)
34 52 (3031)
34 56 (2884)
34 58 (3039)
34 60 (2995)
34 62 (2913)
34 66 (2886)
34 7 (2930)
36 40 (3073)
36 48 (2987)
36 5 (2874)
36 52 (3088)
36 56 (2924)
36 58 (3098)
36 60 (3052)
36 62 (2963)
36 66 (2924)
36 7 (2979)
40 48 (2987)
40 5 (2950)
40 52 (3159)
40 56 (2996)
40 58 (3169)
40 60 (3124)
40 62 (3045)
40 66 (2997)
40 7 (3050)
40 9 (2852)
48 52 (3002)
48 56 (2838)
48 58 (3012)
48 60 (2986)
48 62 (2877)
48 66 (2873)
48 7 (2893)
5 52 (2960)
5 56 (2803)
5 58 (2970)
5 60 (2924)
5 62 (2859)
5 66 (2832)
5 7 (2859)
52 56 (3016)
52 58 (3184)
52 60 (3138)
52 62 (3049)
52 66 (3010)
52 7 (3065)
52 9 (2866)
56 58 (3020)
56 60 (2974)
56 62 (2923)
56 66 (2846)
56 7 (2919)
58 60 (3148)
58 62 (3060)
58 66 (3020)
58 7 (3075)
58 9 (2873)
60 62 (3014)
60 66 (3021)
60 7 (3031)
60 9 (2835)
62 66 (2892)
62 7 (2940)
66 7 (2906)
25 29 40 (2822)
25 29 52 (2838)
25 29 58 (2847)
25 29 60 (2820)
25 40 52 (2824)
25 40 58 (2833)
25 40 60 (2807)
25 52 58 (2849)
25 52 60 (2822)
25 58 60 (2831)
29 3 40 (2813)
29 3 52 (2830)
29 3 58 (2839)
29 3 60 (2805)
29 34 36 (2939)
29 34 40 (3013)
29 34 48 (2853)
29 34 5 (2885)
29 34 52 (3027)
29 34 56 (2880)
29 34 58 (3035)
29 34 60 (2991)
29 34 62 (2909)
29 34 66 (2882)
29 34 7 (2928)
29 36 40 (3058)
29 36 48 (2972)
29 36 5 (2867)
29 36 52 (3073)
29 36 56 (2909)
29 36 58 (3083)
29 36 60 (3039)
29 36 62 (2948)
29 36 66 (2916)
29 36 7 (2972)
29 40 48 (2972)
29 40 5 (2943)
29 40 52 (3144)
29 40 56 (2981)
29 40 58 (3154)
29 40 60 (3111)
29 40 62 (3030)
29 40 66 (2989)
29 40 7 (3043)
29 40 9 (2844)
29 48 52 (2987)
29 48 56 (2823)
29 48 58 (2997)
29 48 60 (2973)
29 48 62 (2862)
29 48 66 (2865)
29 48 7 (2886)
29 5 52 (2953)
29 5 58 (2963)
29 5 60 (2919)
29 5 62 (2852)
29 5 66 (2828)
29 5 7 (2856)
29 52 56 (3001)
29 52 58 (3169)
29 52 60 (3125)
29 52 62 (3034)
29 52 66 (3002)
29 52 7 (3058)
29 52 9 (2858)
29 56 58 (3005)
29 56 60 (2961)
29 56 62 (2908)
29 56 66 (2838)
29 56 7 (2912)
29 58 60 (3135)
29 58 62 (3045)
29 58 66 (3012)
29 58 7 (3068)
29 58 9 (2865)
29 60 62 (3001)
29 60 66 (3013)
29 60 7 (3024)
29 60 9 (2829)
29 62 66 (2884)
29 62 7 (2933)
29 66 7 (2902)
3 40 52 (2804)
3 40 58 (2813)
3 52 58 (2830)
3 58 60 (2805)
34 36 40 (2920)
34 36 48 (2831)
34 36 52 (2934)
34 36 58 (2942)
34 36 60 (2898)
34 36 62 (2816)
34 36 7 (2833)
34 40 48 (2834)
34 40 5 (2870)
34 40 52 (3008)
34 40 56 (2861)
34 40 58 (3016)
34 40 60 (2973)
34 40 62 (2901)
34 40 66 (2865)
34 40 7 (2907)
34 48 52 (2848)
34 48 58 (2856)
34 48 60 (2832)
34 5 52 (2880)
34 5 58 (2888)
34 5 60 (2844)
34 52 56 (2879)
34 52 58 (3030)
34 52 60 (2986)
34 52 62 (2904)
34 52 66 (2877)
34 52 7 (2921)
34 56 58 (2883)
34 56 60 (2839)
34 58 60 (2994)
34 58 62 (2913)
34 58 66 (2885)
34 58 7 (2929)
34 60 62 (2869)
34 60 66 (2886)
34 60 7 (2885)
34 62 7 (2803)
36 40 48 (2961)
36 40 5 (2853)
36 40 52 (3062)
36 40 56 (2899)
36 40 58 (3072)
36 40 60 (3027)
36 40 62 (2948)
36 40 66 (2900)
36 40 7 (2953)
36 48 52 (2976)
36 48 56 (2812)
36 48 58 (2986)
36 48 60 (2960)
36 48 62 (2851)
36 48 66 (2847)
36 48 7 (2867)
36 5 52 (2863)
36 5 58 (2873)
36 5 60 (2827)
36 52 56 (2919)
36 52 58 (3087)
36 52 60 (3041)
36 52 62 (2952)
36 52 66 (2913)
36 52 7 (2968)
36 56 58 (2923)
36 56 60 (2877)
36 56 62 (2826)
36 56 7 (2822)
36 58 60 (3051)
36 58 62 (2963)
36 58 66 (2923)
36 58 7 (2978)
36 60 62 (2917)
36 60 66 (2924)
36 60 7 (2934)
36 62 7 (2843)
36 66 7 (2809)
40 48 52 (2976)
40 48 56 (2813)
40 48 58 (2986)
40 48 60 (2961)
40 48 62 (2862)
40 48 66 (2849)
40 48 7 (2867)
40 5 52 (2939)
40 5 58 (2949)
40 5 60 (2904)
40 5 62 (2846)
40 5 66 (2812)
40 5 7 (2838)
40 52 56 (2991)
40 52 58 (3158)
40 52 60 (3113)
40 52 62 (3034)
40 52 66 (2986)
40 52 7 (3039)
40 52 9 (2844)
40 56 58 (2995)
40 56 60 (2950)
40 56 62 (2909)
40 56 66 (2823)
40 56 7 (2894)
40 58 60 (3123)
40 58 62 (3045)
40 58 66 (2996)
40 58 7 (3049)
40 58 9 (2851)
40 60 62 (2999)
40 60 66 (2997)
40 60 7 (3006)
40 60 9 (2813)
40 62 66 (2877)
40 62 7 (2925)
40 66 7 (2882)
48 52 56 (2833)
48 52 58 (3001)
48 52 60 (2975)
48 52 62 (2866)
48 52 66 (2862)
48 52 7 (2882)
48 56 58 (2837)
48 56 60 (2811)
48 58 60 (2985)
48 58 62 (2877)
48 58 66 (2872)
48 58 7 (2892)
48 60 62 (2851)
48 60 66 (2873)
48 60 7 (2868)
5 52 58 (2959)
5 52 60 (2913)
5 52 62 (2848)
5 52 66 (2821)
5 52 7 (2848)
5 56 58 (2802)
5 58 60 (2923)
5 58 62 (2859)
5 58 66 (2831)
5 58 7 (2858)
5 60 62 (2813)
5 60 66 (2832)
5 60 7 (2814)
52 56 58 (3015)
52 56 60 (2969)
52 56 62 (2918)
52 56 66 (2841)
52 56 7 (2914)
52 58 60 (3137)
52 58 62 (3049)
52 58 66 (3009)
52 58 7 (3064)
52 58 9 (2865)
52 60 62 (3003)
52 60 66 (3010)
52 60 7 (3020)
52 60 9 (2827)
52 62 66 (2881)
52 62 7 (2929)
52 66 7 (2895)
56 58 60 (2973)
56 58 62 (2923)
56 58 66 (2845)
56 58 7 (2918)
56 60 62 (2877)
56 60 66 (2846)
56 60 7 (2874)
56 62 7 (2821)
58 60 62 (3014)
58 60 66 (3020)
58 60 7 (3030)
58 60 9 (2834)
58 62 66 (2892)
58 62 7 (2940)
58 66 7 (2905)
60 62 66 (2892)
60 62 7 (2896)
60 66 7 (2906)
25 29 40 52 (2812)
25 29 40 58 (2821)
25 29 52 58 (2837)
25 29 52 60 (2810)
25 29 58 60 (2819)
25 40 52 58 (2823)
25 40 58 60 (2806)
25 52 58 60 (2821)
29 3 40 52 (2804)
29 3 40 58 (2813)
29 3 52 58 (2830)
29 3 58 60 (2805)
29 34 36 40 (2916)
29 34 36 48 (2827)
29 34 36 52 (2930)
29 34 36 58 (2938)
29 34 36 60 (2894)
29 34 36 62 (2812)
29 34 36 7 (2831)
29 34 40 48 (2830)
29 34 40 5 (2866)
29 34 40 52 (3004)
29 34 40 56 (2857)
29 34 40 58 (3012)
29 34 40 60 (2969)
29 34 40 62 (2897)
29 34 40 66 (2861)
29 34 40 7 (2905)
29 34 48 52 (2844)
29 34 48 58 (2852)
29 34 48 60 (2828)
29 34 5 52 (2876)
29 34 5 58 (2884)
29 34 5 60 (2840)
29 34 52 56 (2875)
29 34 52 58 (3026)
29 34 52 60 (2982)
29 34 52 62 (2900)
29 34 52 66 (2873)
29 34 52 7 (2919)
29 34 56 58 (2879)
29 34 56 60 (2835)
29 34 58 60 (2990)
29 34 58 62 (2909)
29 34 58 66 (2881)
29 34 58 7 (2927)
29 34 60 62 (2865)
29 34 60 66 (2882)
29 34 60 7 (2883)
29 34 62 7 (2801)
29 36 40 48 (2946)
29 36 40 5 (2846)
29 36 40 52 (3047)
29 36 40 56 (2884)
29 36 40 58 (3057)
29 36 40 60 (3014)
29 36 40 62 (2933)
29 36 40 66 (2892)
29 36 40 7 (2946)
29 36 48 52 (2961)
29 36 48 58 (2971)
29 36 48 60 (2947)
29 36 48 62 (2836)
29 36 48 66 (2839)
29 36 48 7 (2860)
29 36 5 52 (2856)
29 36 5 58 (2866)
29 36 5 60 (2822)
29 36 52 56 (2904)
29 36 52 58 (3072)
29 36 52 60 (3028)
29 36 52 62 (2937)
29 36 52 66 (2905)
29 36 52 7 (2961)
29 36 56 58 (2908)
29 36 56 60 (2864)
29 36 56 62 (2811)
29 36 56 7 (2815)
29 36 58 60 (3038)
29 36 58 62 (2948)
29 36 58 66 (2915)
29 36 58 7 (2971)
29 36 60 62 (2904)
29 36 60 66 (2916)
29 36 60 7 (2927)
29 36 62 7 (2836)
29 36 66 7 (2805)
29 40 48 52 (2961)
29 40 48 58 (2971)
29 40 48 60 (2948)
29 40 48 62 (2847)
29 40 48 66 (2841)
29 40 48 7 (2860)
29 40 5 52 (2932)
29 40 5 58 (2942)
29 40 5 60 (2899)
29 40 5 62 (2839)
29 40 5 66 (2808)
29 40 5 7 (2835)
29 40 52 56 (2976)
29 40 52 58 (3143)
29 40 52 60 (3100)
29 40 52 62 (3019)
29 40 52 66 (2978)
29 40 52 7 (3032)
29 40 52 9 (2836)
29 40 56 58 (2980)
29 40 56 60 (2937)
29 40 56 62 (2894)
29 40 56 66 (2815)
29 40 56 7 (2887)
29 40 58 60 (3110)
29 40 58 62 (3030)
29 40 58 66 (2988)
29 40 58 7 (3042)
29 40 58 9 (2843)
29 40 60 62 (2986)
29 40 60 66 (2989)
29 40 60 7 (2999)
29 40 60 9 (2807)
29 40 62 66 (2869)
29 40 62 7 (2918)
29 40 66 7 (2878)
29 48 52 56 (2818)
29 48 52 58 (2986)
29 48 52 60 (2962)
29 48 52 62 (2851)
29 48 52 66 (2854)
29 48 52 7 (2875)
29 48 56 58 (2822)
29 48 58 60 (2972)
29 48 58 62 (2862)
29 48 58 66 (2864)
29 48 58 7 (2885)
29 48 60 62 (2838)
29 48 60 66 (2865)
29 48 60 7 (2861)
29 5 52 58 (2952)
29 5 52 60 (2908)
29 5 52 62 (2841)
29 5 52 66 (2817)
29 5 52 7 (2845)
29 5 58 60 (2918)
29 5 58 62 (2852)
29 5 58 66 (2827)
29 5 58 7 (2855)
29 5 60 62 (2808)
29 5 60 66 (2828)
29 5 60 7 (2811)
29 52 56 58 (3000)
29 52 56 60 (2956)
29 52 56 62 (2903)
29 52 56 66 (2833)
29 52 56 7 (2907)
29 52 58 60 (3124)
29 52 58 62 (3034)
29 52 58 66 (3001)
29 52 58 7 (3057)
29 52 58 9 (2857)
29 52 60 62 (2990)
29 52 60 66 (3002)
29 52 60 7 (3013)
29 52 60 9 (2821)
29 52 62 66 (2873)
29 52 62 7 (2922)
29 52 66 7 (2891)
29 56 58 60 (2960)
29 56 58 62 (2908)
29 56 58 66 (2837)
29 56 58 7 (2911)
29 56 60 62 (2864)
29 56 60 66 (2838)
29 56 60 7 (2867)
29 56 62 7 (2814)
29 58 60 62 (3001)
29 58 60 66 (3012)
29 58 60 7 (3023)
29 58 60 9 (2828)
29 58 62 66 (2884)
29 58 62 7 (2933)
29 58 66 7 (2901)
29 60 62 66 (2884)
29 60 62 7 (2889)
29 60 66 7 (2902)
3 40 52 58 (2804)
34 36 40 48 (2808)
34 36 40 52 (2911)
34 36 40 58 (2919)
34 36 40 60 (2876)
34 36 40 62 (2804)
34 36 40 7 (2810)
34 36 48 52 (2822)
34 36 48 58 (2830)
34 36 48 60 (2806)
34 36 52 58 (2933)
34 36 52 60 (2889)
34 36 52 62 (2807)
34 36 52 7 (2824)
34 36 58 60 (2897)
34 36 58 62 (2816)
34 36 58 7 (2832)
34 40 48 52 (2825)
34 40 48 58 (2833)
34 40 48 60 (2810)
34 40 5 52 (2861)
34 40 5 58 (2869)
34 40 5 60 (2826)
34 40 52 56 (2856)
34 40 52 58 (3007)
34 40 52 60 (2964)
34 40 52 62 (2892)
34 40 52 66 (2856)
34 40 52 7 (2898)
34 40 56 58 (2860)
34 40 56 60 (2817)
34 40 58 60 (2972)
34 40 58 62 (2901)
34 40 58 66 (2864)
34 40 58 7 (2906)
34 40 60 62 (2857)
34 40 60 66 (2865)
34 40 60 7 (2863)
34 48 52 58 (2847)
34 48 52 60 (2823)
34 48 58 60 (2831)
34 5 52 58 (2879)
34 5 52 60 (2835)
34 5 58 60 (2843)
34 52 56 58 (2878)
34 52 56 60 (2834)
34 52 58 60 (2985)
34 52 58 62 (2904)
34 52 58 66 (2876)
34 52 58 7 (2920)
34 52 60 62 (2860)
34 52 60 66 (2877)
34 52 60 7 (2876)
34 56 58 60 (2838)
34 58 60 62 (2869)
34 58 60 66 (2885)
34 58 60 7 (2884)
34 58 62 7 (2803)
36 40 48 52 (2950)
36 40 48 58 (2960)
36 40 48 60 (2935)
36 40 48 62 (2836)
36 40 48 66 (2823)
36 40 48 7 (2841)
36 40 5 52 (2842)
36 40 5 58 (2852)
36 40 5 60 (2807)
36 40 52 56 (2894)
36 40 52 58 (3061)
36 40 52 60 (3016)
36 40 52 62 (2937)
36 40 52 66 (2889)
36 40 52 7 (2942)
36 40 56 58 (2898)
36 40 56 60 (2853)
36 40 56 62 (2812)
36 40 58 60 (3026)
36 40 58 62 (2948)
36 40 58 66 (2899)
36 40 58 7 (2952)
36 40 60 62 (2902)
36 40 60 66 (2900)
36 40 60 7 (2909)
36 40 62 7 (2828)
36 48 52 56 (2807)
36 48 52 58 (2975)
36 48 52 60 (2949)
36 48 52 62 (2840)
36 48 52 66 (2836)
36 48 52 7 (2856)
36 48 56 58 (2811)
36 48 58 60 (2959)
36 48 58 62 (2851)
36 48 58 66 (2846)
36 48 58 7 (2866)
36 48 60 62 (2825)
36 48 60 66 (2847)
36 48 60 7 (2842)
36 5 52 58 (2862)
36 5 52 60 (2816)
36 5 58 60 (2826)
36 52 56 58 (2918)
36 52 56 60 (2872)
36 52 56 62 (2821)
36 52 56 7 (2817)
36 52 58 60 (3040)
36 52 58 62 (2952)
36 52 58 66 (2912)
36 52 58 7 (2967)
36 52 60 62 (2906)
36 52 60 66 (2913)
36 52 60 7 (2923)
36 52 62 7 (2832)
36 56 58 60 (2876)
36 56 58 62 (2826)
36 56 58 7 (2821)
36 58 60 62 (2917)
36 58 60 66 (2923)
36 58 60 7 (2933)
36 58 62 7 (2843)
36 58 66 7 (2808)
36 60 66 7 (2809)
40 48 52 56 (2808)
40 48 52 58 (2975)
40 48 52 60 (2950)
40 48 52 62 (2851)
40 48 52 66 (2838)
40 48 52 7 (2856)
40 48 56 58 (2812)
40 48 58 60 (2960)
40 48 58 62 (2862)
40 48 58 66 (2848)
40 48 58 7 (2866)
40 48 60 62 (2836)
40 48 60 66 (2849)
40 48 60 7 (2843)
40 5 52 58 (2938)
40 5 52 60 (2893)
40 5 52 62 (2835)
40 5 52 66 (2801)
40 5 52 7 (2827)
40 5 58 60 (2903)
40 5 58 62 (2846)
40 5 58 66 (2811)
40 5 58 7 (2837)
40 5 60 62 (2800)
40 5 60 66 (2812)
40 52 56 58 (2990)
40 52 56 60 (2945)
40 52 56 62 (2904)
40 52 56 66 (2818)
40 52 56 7 (2889)
40 52 58 60 (3112)
40 52 58 62 (3034)
40 52 58 66 (2985)
40 52 58 7 (3038)
40 52 58 9 (2843)
40 52 60 62 (2988)
40 52 60 66 (2986)
40 52 60 7 (2995)
40 52 60 9 (2805)
40 52 62 66 (2866)
40 52 62 7 (2914)
40 52 66 7 (2871)
40 56 58 60 (2949)
40 56 58 62 (2909)
40 56 58 66 (2822)
40 56 58 7 (2893)
40 56 60 62 (2863)
40 56 60 66 (2823)
40 56 60 7 (2850)
40 56 62 7 (2807)
40 58 60 62 (2999)
40 58 60 66 (2996)
40 58 60 7 (3005)
40 58 60 9 (2812)
40 58 62 66 (2877)
40 58 62 7 (2925)
40 58 66 7 (2881)
40 60 62 66 (2877)
40 60 62 7 (2881)
40 60 66 7 (2882)
48 52 56 58 (2832)
48 52 56 60 (2806)
48 52 58 60 (2974)
48 52 58 62 (2866)
48 52 58 66 (2861)
48 52 58 7 (2881)
48 52 60 62 (2840)
48 52 60 66 (2862)
48 52 60 7 (2857)
48 56 58 60 (2810)
48 58 60 62 (2851)
48 58 60 66 (2872)
48 58 60 7 (2867)
5 52 58 60 (2912)
5 52 58 62 (2848)
5 52 58 66 (2820)
5 52 58 7 (2847)
5 52 60 62 (2802)
5 52 60 66 (2821)
5 52 60 7 (2803)
5 58 60 62 (2813)
5 58 60 66 (2831)
5 58 60 7 (2813)
52 56 58 60 (2968)
52 56 58 62 (2918)
52 56 58 66 (2840)
52 56 58 7 (2913)
52 56 60 62 (2872)
52 56 60 66 (2841)
52 56 60 7 (2869)
52 56 62 7 (2816)
52 58 60 62 (3003)
52 58 60 66 (3009)
52 58 60 7 (3019)
52 58 60 9 (2826)
52 58 62 66 (2881)
52 58 62 7 (2929)
52 58 66 7 (2894)
52 60 62 66 (2881)
52 60 62 7 (2885)
52 60 66 7 (2895)
56 58 60 62 (2877)
56 58 60 66 (2845)
56 58 60 7 (2873)
56 58 62 7 (2821)
58 60 62 66 (2892)
58 60 62 7 (2896)
58 60 66 7 (2905)
25 29 40 52 58 (2811)
25 29 52 58 60 (2809)
29 3 40 52 58 (2804)
29 34 36 40 48 (2804)
29 34 36 40 52 (2907)
29 34 36 40 58 (2915)
29 34 36 40 60 (2872)
29 34 36 40 62 (2800)
29 34 36 40 7 (2808)
29 34 36 48 52 (2818)
29 34 36 48 58 (2826)
29 34 36 48 60 (2802)
29 34 36 52 58 (2929)
29 34 36 52 60 (2885)
29 34 36 52 62 (2803)
29 34 36 52 7 (2822)
29 34 36 58 60 (2893)
29 34 36 58 62 (2812)
29 34 36 58 7 (2830)
29 34 40 48 52 (2821)
29 34 40 48 58 (2829)
29 34 40 48 60 (2806)
29 34 40 5 52 (2857)
29 34 40 5 58 (2865)
29 34 40 5 60 (2822)
29 34 40 52 56 (2852)
29 34 40 52 58 (3003)
29 34 40 52 60 (2960)
29 34 40 52 62 (2888)
29 34 40 52 66 (2852)
29 34 40 52 7 (2896)
29 34 40 56 58 (2856)
29 34 40 56 60 (2813)
29 34 40 58 60 (2968)
29 34 40 58 62 (2897)
29 34 40 58 66 (2860)
29 34 40 58 7 (2904)
29 34 40 60 62 (2853)
29 34 40 60 66 (2861)
29 34 40 60 7 (2861)
29 34 48 52 58 (2843)
29 34 48 52 60 (2819)
29 34 48 58 60 (2827)
29 34 5 52 58 (2875)
29 34 5 52 60 (2831)
29 34 5 58 60 (2839)
29 34 52 56 58 (2874)
29 34 52 56 60 (2830)
29 34 52 58 60 (2981)
29 34 52 58 62 (2900)
29 34 52 58 66 (2872)
29 34 52 58 7 (2918)
29 34 52 60 62 (2856)
29 34 52 60 66 (2873)
29 34 52 60 7 (2874)
29 34 56 58 60 (2834)
29 34 58 60 62 (2865)
29 34 58 60 66 (2881)
29 34 58 60 7 (2882)
29 34 58 62 7 (2801)
29 36 40 48 52 (2935)
29 36 40 48 58 (2945)
29 36 40 48 60 (2922)
29 36 40 48 62 (2821)
29 36 40 48 66 (2815)
29 36 40 48 7 (2834)
29 36 40 5 52 (2835)
29 36 40 5 58 (2845)
29 36 40 5 60 (2802)
29 36 40 52 56 (2879)
29 36 40 52 58 (3046)
29 36 40 52 60 (3003)
29 36 40 52 62 (2922)
29 36 40 52 66 (2881)
29 36 40 52 7 (2935)
29 36 40 56 58 (2883)
29 36 40 56 60 (2840)
29 36 40 58 60 (3013)
29 36 40 58 62 (2933)
29 36 40 58 66 (2891)
29 36 40 58 7 (2945)
29 36 40 60 62 (2889)
29 36 40 60 66 (2892)
29 36 40 60 7 (2902)
29 36 40 62 7 (2821)
29 36 48 52 58 (2960)
29 36 48 52 60 (2936)
29 36 48 52 62 (2825)
29 36 48 52 66 (2828)
29 36 48 52 7 (2849)
29 36 48 58 60 (2946)
29 36 48 58 62 (2836)
29 36 48 58 66 (2838)
29 36 48 58 7 (2859)
29 36 48 60 62 (2812)
29 36 48 60 66 (2839)
29 36 48 60 7 (2835)
29 36 5 52 58 (2855)
29 36 5 52 60 (2811)
29 36 5 58 60 (2821)
29 36 52 56 58 (2903)
29 36 52 56 60 (2859)
29 36 52 56 62 (2806)
29 36 52 56 7 (2810)
29 36 52 58 60 (3027)
29 36 52 58 62 (2937)
29 36 52 58 66 (2904)
29 36 52 58 7 (2960)
29 36 52 60 62 (2893)
29 36 52 60 66 (2905)
29 36 52 60 7 (2916)
29 36 52 62 7 (2825)
29 36 56 58 60 (2863)
29 36 56 58 62 (2811)
29 36 56 58 7 (2814)
29 36 58 60 62 (2904)
29 36 58 60 66 (2915)
29 36 58 60 7 (2926)
29 36 58 62 7 (2836)
29 36 58 66 7 (2804)
29 36 60 66 7 (2805)
29 40 48 52 58 (2960)
29 40 48 52 60 (2937)
29 40 48 52 62 (2836)
29 40 48 52 66 (2830)
29 40 48 52 7 (2849)
29 40 48 58 60 (2947)
29 40 48 58 62 (2847)
29 40 48 58 66 (2840)
29 40 48 58 7 (2859)
29 40 48 60 62 (2823)
29 40 48 60 66 (2841)
29 40 48 60 7 (2836)
29 40 5 52 58 (2931)
29 40 5 52 60 (2888)
29 40 5 52 62 (2828)
29 40 5 52 7 (2824)
29 40 5 58 60 (2898)
29 40 5 58 62 (2839)
29 40 5 58 66 (2807)
29 40 5 58 7 (2834)
29 40 5 60 66 (2808)
29 40 52 56 58 (2975)
29 40 52 56 60 (2932)
29 40 52 56 62 (2889)
29 40 52 56 66 (2810)
29 40 52 56 7 (2882)
29 40 52 58 60 (3099)
29 40 52 58 62 (3019)
29 40 52 58 66 (2977)
29 40 52 58 7 (3031)
29 40 52 58 9 (2835)
29 40 52 60 62 (2975)
29 40 52 60 66 (2978)
29 40 52 60 7 (2988)
29 40 52 62 66 (2858)
29 40 52 62 7 (2907)
29 40 52 66 7 (2867)
29 40 56 58 60 (2936)
29 40 56 58 62 (2894)
29 40 56 58 66 (2814)
29 40 56 58 7 (2886)
29 40 56 60 62 (2850)
29 40 56 60 66 (2815)
29 40 56 60 7 (2843)
29 40 56 62 7 (2800)
29 40 58 60 62 (2986)
29 40 58 60 66 (2988)
29 40 58 60 7 (2998)
29 40 58 60 9 (2806)
29 40 58 62 66 (2869)
29 40 58 62 7 (2918)
29 40 58 66 7 (2877)
29 40 60 62 66 (2869)
29 40 60 62 7 (2874)
29 40 60 66 7 (2878)
29 48 52 56 58 (2817)
29 48 52 58 60 (2961)
29 48 52 58 62 (2851)
29 48 52 58 66 (2853)
29 48 52 58 7 (2874)
29 48 52 60 62 (2827)
29 48 52 60 66 (2854)
29 48 52 60 7 (2850)
29 48 58 60 62 (2838)
29 48 58 60 66 (2864)
29 48 58 60 7 (2860)
29 5 52 58 60 (2907)
29 5 52 58 62 (2841)
29 5 52 58 66 (2816)
29 5 52 58 7 (2844)
29 5 52 60 66 (2817)
29 5 52 60 7 (2800)
29 5 58 60 62 (2808)
29 5 58 60 66 (2827)
29 5 58 60 7 (2810)
29 52 56 58 60 (2955)
29 52 56 58 62 (2903)
29 52 56 58 66 (2832)
29 52 56 58 7 (2906)
29 52 56 60 62 (2859)
29 52 56 60 66 (2833)
29 52 56 60 7 (2862)
29 52 56 62 7 (2809)
29 52 58 60 62 (2990)
29 52 58 60 66 (3001)
29 52 58 60 7 (3012)
29 52 58 60 9 (2820)
29 52 58 62 66 (2873)
29 52 58 62 7 (2922)
29 52 58 66 7 (2890)
29 52 60 62 66 (2873)
29 52 60 62 7 (2878)
29 52 60 66 7 (2891)
29 56 58 60 62 (2864)
29 56 58 60 66 (2837)
29 56 58 60 7 (2866)
29 56 58 62 7 (2814)
29 58 60 62 66 (2884)
29 58 60 62 7 (2889)
29 58 60 66 7 (2901)
34 36 40 48 58 (2807)
34 36 40 52 58 (2910)
34 36 40 52 60 (2867)
34 36 40 52 7 (2801)
34 36 40 58 60 (2875)
34 36 40 58 62 (2804)
34 36 40 58 7 (2809)
34 36 48 52 58 (2821)
34 36 48 58 60 (2805)
34 36 52 58 60 (2888)
34 36 52 58 62 (2807)
34 36 52 58 7 (2823)
34 40 48 52 58 (2824)
34 40 48 52 60 (2801)
34 40 48 58 60 (2809)
34 40 5 52 58 (2860)
34 40 5 52 60 (2817)
34 40 5 58 60 (2825)
34 40 52 56 58 (2855)
34 40 52 56 60 (2812)
34 40 52 58 60 (2963)
34 40 52 58 62 (2892)
34 40 52 58 66 (2855)
34 40 52 58 7 (2897)
34 40 52 60 62 (2848)
34 40 52 60 66 (2856)
34 40 52 60 7 (2854)
34 40 56 58 60 (2816)
34 40 58 60 62 (2857)
34 40 58 60 66 (2864)
34 40 58 60 7 (2862)
34 48 52 58 60 (2822)
34 5 52 58 60 (2834)
34 52 56 58 60 (2833)
34 52 58 60 62 (2860)
34 52 58 60 66 (2876)
34 52 58 60 7 (2875)
36 40 48 52 58 (2949)
36 40 48 52 60 (2924)
36 40 48 52 62 (2825)
36 40 48 52 66 (2812)
36 40 48 52 7 (2830)
36 40 48 58 60 (2934)
36 40 48 58 62 (2836)
36 40 48 58 66 (2822)
36 40 48 58 7 (2840)
36 40 48 60 62 (2810)
36 40 48 60 66 (2823)
36 40 48 60 7 (2817)
36 40 5 52 58 (2841)
36 40 5 58 60 (2806)
36 40 52 56 58 (2893)
36 40 52 56 60 (2848)
36 40 52 56 62 (2807)
36 40 52 58 60 (3015)
36 40 52 58 62 (2937)
36 40 52 58 66 (2888)
36 40 52 58 7 (2941)
36 40 52 60 62 (2891)
36 40 52 60 66 (2889)
36 40 52 60 7 (2898)
36 40 52 62 7 (2817)
36 40 56 58 60 (2852)
36 40 56 58 62 (2812)
36 40 58 60 62 (2902)
36 40 58 60 66 (2899)
36 40 58 60 7 (2908)
36 40 58 62 7 (2828)
36 48 52 56 58 (2806)
36 48 52 58 60 (2948)
36 48 52 58 62 (2840)
36 48 52 58 66 (2835)
36 48 52 58 7 (2855)
36 48 52 60 62 (2814)
36 48 52 60 66 (2836)
36 48 52 60 7 (2831)
36 48 58 60 62 (2825)
36 48 58 60 66 (2846)
36 48 58 60 7 (2841)
36 5 52 58 60 (2815)
36 52 56 58 60 (2871)
36 52 56 58 62 (2821)
36 52 56 58 7 (2816)
36 52 58 60 62 (2906)
36 52 58 60 66 (2912)
36 52 58 60 7 (2922)
36 52 58 62 7 (2832)
36 58 60 66 7 (2808)
40 48 52 56 58 (2807)
40 48 52 58 60 (2949)
40 48 52 58 62 (2851)
40 48 52 58 66 (2837)
40 48 52 58 7 (2855)
40 48 52 60 62 (2825)
40 48 52 60 66 (2838)
40 48 52 60 7 (2832)
40 48 58 60 62 (2836)
40 48 58 60 66 (2848)
40 48 58 60 7 (2842)
40 5 52 58 60 (2892)
40 5 52 58 62 (2835)
40 5 52 58 66 (2800)
40 5 52 58 7 (2826)
40 5 52 60 66 (2801)
40 5 58 60 62 (2800)
40 5 58 60 66 (2811)
40 52 56 58 60 (2944)
40 52 56 58 62 (2904)
40 52 56 58 66 (2817)
40 52 56 58 7 (2888)
40 52 56 60 62 (2858)
40 52 56 60 66 (2818)
40 52 56 60 7 (2845)
40 52 56 62 7 (2802)
40 52 58 60 62 (2988)
40 52 58 60 66 (2985)
40 52 58 60 7 (2994)
40 52 58 60 9 (2804)
40 52 58 62 66 (2866)
40 52 58 62 7 (2914)
40 52 58 66 7 (2870)
40 52 60 62 66 (2866)
40 52 60 62 7 (2870)
40 52 60 66 7 (2871)
40 56 58 60 62 (2863)
40 56 58 60 66 (2822)
40 56 58 60 7 (2849)
40 56 58 62 7 (2807)
40 58 60 62 66 (2877)
40 58 60 62 7 (2881)
40 58 60 66 7 (2881)
48 52 56 58 60 (2805)
48 52 58 60 62 (2840)
48 52 58 60 66 (2861)
48 52 58 60 7 (2856)
5 52 58 60 62 (2802)
5 52 58 60 66 (2820)
5 52 58 60 7 (2802)
52 56 58 60 62 (2872)
52 56 58 60 66 (2840)
52 56 58 60 7 (2868)
52 56 58 62 7 (2816)
52 58 60 62 66 (2881)
52 58 60 62 7 (2885)
52 58 60 66 7 (2894)
29 34 36 40 48 58 (2803)
29 34 36 40 52 58 (2906)
29 34 36 40 52 60 (2863)
29 34 36 40 58 60 (2871)
29 34 36 40 58 62 (2800)
29 34 36 40 58 7 (2807)
29 34 36 48 52 58 (2817)
29 34 36 48 58 60 (2801)
29 34 36 52 58 60 (2884)
29 34 36 52 58 62 (2803)
29 34 36 52 58 7 (2821)
29 34 40 48 52 58 (2820)
29 34 40 48 58 60 (2805)
29 34 40 5 52 58 (2856)
29 34 40 5 52 60 (2813)
29 34 40 5 58 60 (2821)
29 34 40 52 56 58 (2851)
29 34 40 52 56 60 (2808)
29 34 40 52 58 60 (2959)
29 34 40 52 58 62 (2888)
29 34 40 52 58 66 (2851)
29 34 40 52 58 7 (2895)
29 34 40 52 60 62 (2844)
29 34 40 52 60 66 (2852)
29 34 40 52 60 7 (2852)
29 34 40 56 58 60 (2812)
29 34 40 58 60 62 (2853)
29 34 40 58 60 66 (2860)
29 34 40 58 60 7 (2860)
29 34 48 52 58 60 (2818)
29 34 5 52 58 60 (2830)
29 34 52 56 58 60 (2829)
29 34 52 58 60 62 (2856)
29 34 52 58 60 66 (2872)
29 34 52 58 60 7 (2873)
29 36 40 48 52 58 (2934)
29 36 40 48 52 60 (2911)
29 36 40 48 52 62 (2810)
29 36 40 48 52 66 (2804)
29 36 40 48 52 7 (2823)
29 36 40 48 58 60 (2921)
29 36 40 48 58 62 (2821)
29 36 40 48 58 66 (2814)
29 36 40 48 58 7 (2833)
29 36 40 48 60 66 (2815)
29 36 40 48 60 7 (2810)
29 36 40 5 52 58 (2834)
29 36 40 5 58 60 (2801)
29 36 40 52 56 58 (2878)
29 36 40 52 56 60 (2835)
29 36 40 52 58 60 (3002)
29 36 40 52 58 62 (2922)
29 36 40 52 58 66 (2880)
29 36 40 52 58 7 (2934)
29 36 40 52 60 62 (2878)
29 36 40 52 60 66 (2881)
29 36 40 52 60 7 (2891)
29 36 40 52 62 7 (2810)
29 36 40 56 58 60 (2839)
29 36 40 58 60 62 (2889)
29 36 40 58 60 66 (2891)
29 36 40 58 60 7 (2901)
29 36 40 58 62 7 (2821)
29 36 48 52 58 60 (2935)
29 36 48 52 58 62 (2825)
29 36 48 52 58 66 (2827)
29 36 48 52 58 7 (2848)
29 36 48 52 60 62 (2801)
29 36 48 52 60 66 (2828)
29 36 48 52 60 7 (2824)
29 36 48 58 60 62 (2812)
29 36 48 58 60 66 (2838)
29 36 48 58 60 7 (2834)
29 36 5 52 58 60 (2810)
29 36 52 56 58 60 (2858)
29 36 52 56 58 62 (2806)
29 36 52 56 58 7 (2809)
29 36 52 58 60 62 (2893)
29 36 52 58 60 66 (2904)
29 36 52 58 60 7 (2915)
29 36 52 58 62 7 (2825)
29 36 58 60 66 7 (2804)
29 40 48 52 58 60 (2936)
29 40 48 52 58 62 (2836)
29 40 48 52 58 66 (2829)
29 40 48 52 58 7 (2848)
29 40 48 52 60 62 (2812)
29 40 48 52 60 66 (2830)
29 40 48 52 60 7 (2825)
29 40 48 58 60 62 (2823)
29 40 48 58 60 66 (2840)
29 40 48 58 60 7 (2835)
29 40 5 52 58 60 (2887)
29 40 5 52 58 62 (2828)
29 40 5 52 58 7 (2823)
29 40 5 58 60 66 (2807)
29 40 52 56 58 60 (2931)
29 40 52 56 58 62 (2889)
29 40 52 56 58 66 (2809)
29 40 52 56 58 7 (2881)
29 40 52 56 60 62 (2845)
29 40 52 56 60 66 (2810)
29 40 52 56 60 7 (2838)
29 40 52 58 60 62 (2975)
29 40 52 58 60 66 (2977)
29 40 52 58 60 7 (2987)
29 40 52 58 62 66 (2858)
29 40 52 58 62 7 (2907)
29 40 52 58 66 7 (2866)
29 40 52 60 62 66 (2858)
29 40 52 60 62 7 (2863)
29 40 52 60 66 7 (2867)
29 40 56 58 60 62 (2850)
29 40 56 58 60 66 (2814)
29 40 56 58 60 7 (2842)
29 40 56 58 62 7 (2800)
29 40 58 60 62 66 (2869)
29 40 58 60 62 7 (2874)
29 40 58 60 66 7 (2877)
29 48 52 58 60 62 (2827)
29 48 52 58 60 66 (2853)
29 48 52 58 60 7 (2849)
29 5 52 58 60 66 (2816)
29 52 56 58 60 62 (2859)
29 52 56 58 60 66 (2832)
29 52 56 58 60 7 (2861)
29 52 56 58 62 7 (2809)
29 52 58 60 62 66 (2873)
29 52 58 60 62 7 (2878)
29 52 58 60 66 7 (2890)
34 36 40 52 58 60 (2866)
34 36 40 52 58 7 (2800)
34 40 48 52 58 60 (2800)
34 40 5 52 58 60 (2816)
34 40 52 56 58 60 (2811)
34 40 52 58 60 62 (2848)
34 40 52 58 60 66 (2855)
34 40 52 58 60 7 (2853)
36 40 48 52 58 60 (2923)
36 40 48 52 58 62 (2825)
36 40 48 52 58 66 (2811)
36 40 48 52 58 7 (2829)
36 40 48 52 60 66 (2812)
36 40 48 52 60 7 (2806)
36 40 48 58 60 62 (2810)
36 40 48 58 60 66 (2822)
36 40 48 58 60 7 (2816)
36 40 52 56 58 60 (2847)
36 40 52 56 58 62 (2807)
36 40 52 58 60 62 (2891)
36 40 52 58 60 66 (2888)
36 40 52 58 60 7 (2897)
36 40 52 58 62 7 (2817)
36 48 52 58 60 62 (2814)
36 48 52 58 60 66 (2835)
36 48 52 58 60 7 (2830)
40 48 52 58 60 62 (2825)
40 48 52 58 60 66 (2837)
40 48 52 58 60 7 (2831)
40 5 52 58 60 66 (2800)
40 52 56 58 60 62 (2858)
40 52 56 58 60 66 (2817)
40 52 56 58 60 7 (2844)
40 52 56 58 62 7 (2802)
40 52 58 60 62 66 (2866)
40 52 58 60 62 7 (2870)
40 52 58 60 66 7 (2870)
29 34 36 40 52 58 60 (2862)
29 34 40 5 52 58 60 (2812)
29 34 40 52 56 58 60 (2807)
29 34 40 52 58 60 62 (2844)
29 34 40 52 58 60 66 (2851)
29 34 40 52 58 60 7 (2851)
29 36 40 48 52 58 60 (2910)
29 36 40 48 52 58 62 (2810)
29 36 40 48 52 58 66 (2803)
29 36 40 48 52 58 7 (2822)
29 36 40 48 52 60 66 (2804)
29 36 40 48 58 60 66 (2814)
29 36 40 48 58 60 7 (2809)
29 36 40 52 56 58 60 (2834)
29 36 40 52 58 60 62 (2878)
29 36 40 52 58 60 66 (2880)
29 36 40 52 58 60 7 (2890)
29 36 40 52 58 62 7 (2810)
29 36 48 52 58 60 62 (2801)
29 36 48 52 58 60 66 (2827)
29 36 48 52 58 60 7 (2823)
29 40 48 52 58 60 62 (2812)
29 40 48 52 58 60 66 (2829)
29 40 48 52 58 60 7 (2824)
29 40 52 56 58 60 62 (2845)
29 40 52 56 58 60 66 (2809)
29 40 52 56 58 60 7 (2837)
29 40 52 58 60 62 66 (2858)
29 40 52 58 60 62 7 (2863)
29 40 52 58 60 66 7 (2866)
36 40 48 52 58 60 66 (2811)
36 40 48 52 58 60 7 (2805)
29 36 40 48 52 58 60 66 (2803)