101 (2237)
110 (2794)
1327 (1786)
147 (1779)
170 (3099)
2238 (1715)
225 (3257)
237 (3032)
270 (1734)
271 (2094)
310 (2594)
32 (15167)
36 (2936)
38 (15596)
39 (50675)
41 (14945)
413 (1880)
438 (1863)
475 (2167)
48 (42135)
65 (4472)
79 (1600)
89 (3837)
110 38 (2725)
110 39 (1759)
170 38 (3031)
170 39 (2059)
170 48 (1557)
225 39 (2351)
225 48 (1736)
237 39 (1929)
237 48 (1682)
310 39 (1852)
310 48 (1692)
32 38 (2833)
32 39 (8455)
32 41 (3196)
32 48 (8034)
36 38 (2790)
36 39 (2037)
38 39 (10345)
38 41 (3897)
38 48 (7944)
39 41 (11414)
39 475 (1500)
39 48 (29142)
39 65 (2787)
39 89 (2749)
41 48 (9018)
48 65 (2529)
48 89 (2798)
110 38 39 (1740)
170 38 39 (2019)
170 38 48 (1538)
32 38 39 (1840)
32 38 48 (1646)
32 39 41 (2359)
32 39 48 (5402)
32 41 48 (2063)
36 38 39 (1945)
38 39 41 (3051)
38 39 48 (6102)
38 41 48 (2374)
39 41 48 (7366)
39 48 65 (1797)
39 48 89 (2125)
32 39 41 48 (1646)
38 39 41 48 (1991)
