10 (712)
1004 (1102)
101 (2237)
103 (812)
10515 (882)
107 (765)
11 (711)
110 (2794)
1146 (1426)
117 (1026)
123 (1302)
12925 (1467)
12929 (742)
13041 (1051)
1327 (1786)
1344 (753)
1393 (1161)
14098 (1291)
1435 (765)
147 (1779)
156 (830)
1578 (874)
15832 (1143)
1600 (801)
16010 (1316)
161 (1010)
16217 (1166)
170 (3099)
175 (970)
179 (998)
18 (860)
185 (1376)
19 (1005)
201 (1133)
2238 (1715)
225 (3257)
229 (820)
23 (758)
237 (3032)
242 (911)
249 (1160)
255 (1474)
258 (987)
264 (895)
269 (701)
270 (1734)
271 (2094)
286 (1183)
2958 (904)
301 (1204)
31 (920)
310 (2594)
32 (15167)
3270 (950)
334 (774)
338 (1274)
36 (2936)
37 (1074)
371 (782)
38 (15596)
389 (831)
39 (50675)
405 (879)
41 (14945)
413 (1880)
438 (1863)
45 (911)
475 (2167)
479 (926)
48 (42135)
488 (720)
49 (1120)
522 (974)
533 (1487)
535 (718)
544 (851)
548 (1137)
549 (843)
55 (704)
570 (792)
589 (1119)
592 (1227)
60 (1489)
604 (1209)
649 (857)
65 (4472)
664 (752)
677 (1110)
681 (704)
703 (806)
740 (1181)
76 (869)
766 (797)
772 (752)
78 (1060)
783 (965)
79 (1600)
806 (741)
812 (821)
824 (1210)
89 (3837)
9 (1372)
956 (911)
976 (817)
101 39 (1400)
101 48 (1311)
110 38 (2725)
110 39 (1759)
110 48 (1380)
1146 39 (983)
1146 48 (811)
123 39 (726)
123 48 (797)
12925 39 (938)
12925 48 (817)
1327 39 (1156)
1327 48 (968)
1393 39 (789)
14098 39 (801)
147 39 (1137)
147 48 (1036)
15832 39 (718)
16010 39 (829)
16010 48 (730)
16217 39 (728)
170 38 (3031)
170 39 (2059)
170 41 (805)
170 48 (1557)
185 39 (828)
185 48 (816)
2238 39 (1287)
2238 48 (955)
225 39 (2351)
225 41 (877)
225 48 (1736)
237 39 (1929)
237 48 (1682)
249 39 (752)
255 39 (1057)
255 48 (1057)
270 39 (1194)
270 48 (957)
271 39 (1434)
271 48 (1090)
286 38 (1116)
286 39 (750)
2958 48 (779)
301 39 (715)
310 39 (1852)
310 41 (719)
310 48 (1692)
32 38 (2833)
32 39 (8455)
32 41 (3196)
32 48 (8034)
32 65 (774)
32 89 (713)
338 39 (742)
338 48 (779)
36 38 (2790)
36 39 (2037)
36 41 (700)
36 48 (1416)
37 38 (1046)
37 39 (707)
371 38 (767)
38 39 (10345)
38 41 (3897)
38 48 (7944)
38 89 (764)
39 41 (11414)
39 413 (1130)
39 438 (1260)
39 475 (1500)
39 48 (29142)
39 49 (768)
39 533 (922)
39 589 (708)
39 592 (723)
39 60 (983)
39 604 (775)
39 65 (2787)
39 740 (759)
39 78 (774)
39 79 (1111)
39 824 (703)
39 89 (2749)
39 9 (832)
41 48 (9018)
41 65 (995)
41 89 (732)
413 48 (1135)
438 48 (1025)
475 48 (1428)
48 49 (843)
48 533 (861)
48 592 (743)
48 60 (815)
48 65 (2529)
48 78 (824)
48 79 (893)
48 824 (701)
48 89 (2798)
48 9 (790)
101 39 48 (946)
110 38 39 (1740)
110 38 48 (1361)
110 39 48 (1037)
1327 39 48 (720)
147 39 48 (742)
170 38 39 (2019)
170 38 41 (794)
170 38 48 (1538)
170 39 48 (1206)
2238 39 48 (788)
225 39 41 (726)
225 39 48 (1400)
237 39 48 (1244)
255 39 48 (813)
270 39 48 (733)
271 39 48 (827)
286 38 39 (728)
310 39 48 (1347)
32 38 39 (1840)
32 38 41 (805)
32 38 48 (1646)
32 39 41 (2359)
32 39 48 (5402)
32 41 48 (2063)
36 38 39 (1945)
36 38 48 (1360)
36 39 48 (1116)
38 39 41 (3051)
38 39 48 (6102)
38 41 48 (2374)
39 41 48 (7366)
39 41 65 (792)
39 413 48 (781)
39 438 48 (780)
39 475 48 (1092)
39 48 65 (1797)
39 48 89 (2125)
110 38 39 48 (1031)
170 38 39 48 (1193)
32 38 39 48 (1236)
32 39 41 48 (1646)
36 38 39 48 (1080)
38 39 41 48 (1991)
